Liczba minimalnych zaleznosci funkcyjnych 122
Identyfikatory minimalnych zaleznosci funkcyjnych 
16 
2 14 
6 12 
6 14 
7 8 
7 9 
7 10 
7 11 
7 12 
7 13 
7 14 
7 15 
8 9 
8 10 
8 11 
8 12 
8 13 
8 14 
8 15 
9 10 
9 11 
9 12 
9 13 
9 14 
9 15 
10 11 
10 12 
10 13 
10 14 
10 15 
10 17 
11 13 
11 14 
11 15 
12 13 
12 14 
12 15 
12 17 
13 14 
13 15 
14 15 
15 17 
2 4 13 
2 4 15 
2 5 8 
2 5 10 
2 6 7 
2 6 8 
2 6 9 
2 6 10 
2 6 13 
2 6 15 
2 6 17 
2 7 17 
2 8 17 
2 9 17 
2 11 12 
2 11 17 
2 13 17 
3 4 10 
3 4 14 
3 5 14 
3 6 7 
3 6 8 
3 6 9 
3 6 10 
3 6 13 
3 11 12 
3 14 17 
4 5 12 
4 6 9 
4 6 10 
4 7 17 
4 9 17 
4 11 12 
4 11 17 
4 13 17 
4 14 17 
5 6 8 
5 6 9 
5 6 11 
5 6 15 
5 9 17 
5 11 12 
5 11 17 
5 14 17 
6 8 17 
6 9 17 
6 11 17 
6 13 17 
2 3 4 8 
2 3 4 9 
2 3 4 11 
2 3 4 12 
2 3 4 17 
2 3 5 9 
2 3 5 11 
2 3 5 12 
2 3 5 15 
2 3 6 11 
2 4 5 9 
2 4 5 17 
2 4 6 11 
3 4 5 7 
3 4 5 8 
3 4 5 9 
3 4 5 11 
3 4 5 13 
3 4 5 15 
3 4 5 17 
3 4 6 11 
3 4 6 15 
3 4 6 17 
3 4 8 17 
3 5 6 17 
3 5 7 17 
3 5 8 17 
3 5 13 17 
4 5 6 13 
4 5 6 17 
4 5 8 17 
5 6 7 17 

Czas przetwarzania pliku: 0.001
Czas wykonywania algorytmu: 427792
Czas wykonywania całego programu: 427792
