Liczba minimalnych zaleznosci funkcyjnych 663
Identyfikatory minimalnych zaleznosci funkcyjnych 
3 8 9 11 13 14 16 
3 9 11 12 13 14 16 
2 3 4 7 9 10 11 17 
2 3 4 9 10 11 14 17 
2 3 6 7 8 9 10 16 
2 3 6 7 9 10 12 16 
2 3 6 7 9 10 14 16 
2 3 6 9 10 12 14 16 
2 3 6 9 10 13 14 16 
2 3 7 9 10 11 13 15 
2 3 7 9 10 11 13 16 
2 3 7 9 10 11 16 17 
2 3 7 10 11 13 15 16 
2 3 7 10 11 15 16 17 
2 3 8 9 11 14 16 17 
2 3 9 10 11 12 14 16 
2 3 9 10 11 13 14 16 
2 3 9 11 12 14 16 17 
2 3 9 11 13 14 15 16 
2 4 6 7 9 10 11 17 
2 4 6 7 9 10 12 17 
2 4 9 11 12 14 16 17 
2 5 6 7 10 11 15 16 
2 5 7 8 10 11 15 16 
2 5 7 9 10 11 13 15 
2 5 7 10 11 13 15 16 
2 5 9 11 12 14 16 17 
2 5 11 12 13 14 15 16 
2 6 7 8 9 10 15 16 
2 6 7 9 10 11 15 16 
2 6 7 9 10 12 15 16 
2 6 7 9 10 12 16 17 
2 6 7 9 10 14 15 16 
2 6 9 10 12 14 16 17 
2 6 9 10 14 15 16 17 
2 7 8 9 10 11 15 16 
2 7 9 10 11 12 16 17 
2 7 9 10 11 13 15 16 
2 7 9 11 12 14 16 17 
2 9 11 12 13 14 15 16 
2 9 11 12 13 14 16 17 
3 4 5 6 7 9 10 14 
3 4 5 9 10 11 14 17 
3 4 6 7 9 10 11 13 
3 4 6 7 9 10 11 16 
3 4 6 7 9 10 12 14 
3 4 6 7 9 10 14 16 
3 4 6 8 9 10 12 14 
3 4 6 8 9 11 13 14 
3 4 6 9 10 12 14 16 
3 4 6 9 10 12 14 17 
3 4 6 9 10 13 14 16 
3 4 6 9 10 14 16 17 
3 4 7 9 10 11 12 16 
3 4 7 9 10 11 13 15 
3 4 7 9 10 11 13 16 
3 4 7 9 10 11 14 15 
3 4 7 9 10 11 15 16 
3 4 7 9 10 11 16 17 
3 4 7 9 11 12 13 16 
3 4 7 10 11 13 15 16 
3 4 7 10 11 15 16 17 
3 4 8 9 11 14 16 17 
3 4 9 10 11 12 14 16 
3 4 9 10 11 13 14 16 
3 4 9 10 11 14 15 17 
3 4 9 10 11 14 16 17 
3 4 9 11 13 14 15 16 
3 5 6 7 9 10 11 16 
3 5 6 7 9 10 12 16 
3 5 6 9 10 12 14 16 
3 5 6 9 10 13 14 16 
3 5 6 9 12 13 14 16 
3 5 7 9 11 12 13 16 
3 5 9 10 11 12 14 16 
3 5 9 11 12 14 16 17 
3 6 7 8 9 10 11 16 
3 6 7 8 9 10 14 16 
3 6 7 8 9 11 13 16 
3 6 7 9 10 11 12 16 
3 6 7 9 10 11 13 16 
3 6 7 9 10 11 14 15 
3 6 7 9 10 11 14 16 
3 6 7 9 10 11 15 16 
3 6 7 9 10 11 16 17 
3 6 7 9 10 12 14 16 
3 6 7 9 11 13 15 16 
3 6 8 9 10 11 14 16 
3 6 8 9 10 12 14 16 
3 6 8 9 10 13 14 16 
3 6 8 9 10 14 16 17 
3 6 9 10 11 12 14 16 
3 6 9 10 11 13 14 16 
3 6 9 10 12 13 14 16 
3 6 9 10 12 14 15 16 
3 6 9 11 13 14 15 16 
3 7 8 9 10 11 16 17 
3 7 8 9 11 12 13 16 
3 7 9 10 11 12 13 16 
3 7 9 10 11 12 14 16 
3 7 9 10 11 12 16 17 
3 7 9 10 11 13 14 16 
3 7 9 10 11 13 15 16 
3 7 9 10 11 14 16 17 
3 7 9 11 12 14 16 17 
3 7 9 11 13 14 15 16 
3 7 9 11 14 15 16 17 
3 8 9 10 11 12 14 16 
3 8 9 10 11 14 16 17 
4 5 6 7 10 11 15 16 
4 5 7 8 9 10 11 17 
4 5 7 9 10 11 13 15 
4 5 7 9 10 11 13 17 
4 5 7 10 11 13 15 16 
4 5 9 11 12 14 16 17 
4 5 9 11 13 14 15 16 
4 5 10 11 13 14 15 16 
4 5 11 12 13 14 15 16 
4 6 7 9 10 11 13 15 
4 6 7 9 10 11 15 16 
4 6 8 9 11 13 14 15 
4 6 9 11 12 14 16 17 
4 7 9 10 11 12 16 17 
4 7 9 10 11 13 15 16 
4 7 9 11 12 13 16 17 
4 7 9 11 12 14 16 17 
4 9 10 11 12 14 16 17 
4 9 11 12 13 14 15 16 
4 9 11 12 13 14 16 17 
5 6 9 11 12 14 16 17 
5 7 8 9 10 11 16 17 
5 7 9 11 12 13 15 16 
5 7 9 11 12 13 16 17 
5 8 9 11 12 14 16 17 
5 9 10 11 12 14 15 16 
5 9 11 12 13 14 15 16 
5 9 11 12 13 14 16 17 
5 9 11 12 14 15 16 17 
6 7 8 9 11 14 16 17 
6 7 9 10 11 13 14 15 
6 7 9 10 11 13 15 16 
6 7 9 10 11 14 15 16 
6 7 9 11 12 13 14 15 
6 8 9 10 11 14 15 16 
6 9 10 11 12 14 15 16 
6 9 10 11 12 14 16 17 
6 9 10 11 14 15 16 17 
6 9 11 12 13 14 15 16 
6 9 11 12 13 14 15 17 
6 9 11 12 13 14 16 17 
6 9 11 13 14 15 16 17 
7 8 9 10 11 14 16 17 
7 9 10 11 12 13 15 16 
7 9 10 11 12 13 16 17 
7 9 10 11 13 14 15 16 
7 9 10 11 13 14 16 17 
7 9 11 12 13 14 15 16 
8 9 10 11 13 14 15 16 
8 9 11 12 13 14 15 16 
8 9 11 12 13 14 16 17 
9 10 11 12 13 14 16 17 
9 11 12 13 14 15 16 17 
2 3 4 5 6 7 8 10 16 
2 3 4 6 7 9 10 11 12 
2 3 4 6 7 9 10 11 14 
2 3 4 6 8 9 10 13 14 
2 3 4 7 8 9 10 11 12 
2 3 4 7 8 9 10 11 13 
2 3 4 7 8 10 11 12 13 
2 3 4 7 8 10 11 12 17 
2 3 4 7 9 10 11 12 15 
2 3 4 7 9 11 12 13 17 
2 3 4 7 9 11 14 15 17 
2 3 4 7 10 11 12 13 15 
2 3 4 7 10 11 12 15 17 
2 3 4 9 11 12 13 14 17 
2 3 4 9 11 13 14 15 17 
2 3 4 9 11 14 15 16 17 
2 3 5 6 7 8 10 11 16 
2 3 5 6 7 8 10 15 16 
2 3 5 6 7 9 10 14 15 
2 3 5 6 7 10 14 15 16 
2 3 5 6 9 13 14 15 16 
2 3 5 6 9 14 15 16 17 
2 3 5 7 8 9 11 13 16 
2 3 5 7 8 10 11 12 16 
2 3 5 7 8 10 11 13 16 
2 3 5 7 8 10 11 16 17 
2 3 5 7 8 11 12 13 16 
2 3 5 7 9 10 11 15 17 
2 3 5 7 9 11 13 15 16 
2 3 5 8 10 11 13 14 16 
2 3 5 8 11 12 13 14 16 
2 3 5 9 10 11 14 15 17 
2 3 5 10 11 13 14 15 16 
2 3 6 7 8 9 10 13 15 
2 3 6 7 8 10 11 13 16 
2 3 6 7 8 10 11 16 17 
2 3 6 7 9 10 11 12 15 
2 3 6 7 9 10 11 15 17 
2 3 6 7 9 10 12 13 15 
2 3 6 7 9 10 12 14 15 
2 3 6 7 9 10 12 15 17 
2 3 6 7 9 10 13 14 15 
2 3 6 7 9 13 14 15 16 
2 3 6 7 9 14 15 16 17 
2 3 6 7 10 13 14 15 16 
2 3 6 7 10 14 15 16 17 
2 3 6 8 9 10 13 14 15 
2 3 6 8 9 11 13 14 15 
2 3 6 9 11 14 15 16 17 
2 3 7 8 9 10 11 12 15 
2 3 7 8 9 10 11 12 16 
2 3 7 8 9 10 11 14 15 
2 3 7 8 9 11 12 13 15 
2 3 7 8 9 11 14 15 17 
2 3 7 8 10 11 12 13 16 
2 3 7 8 10 11 12 16 17 
2 3 7 8 10 11 13 14 16 
2 3 7 8 10 11 14 16 17 
2 3 7 9 10 11 12 14 15 
2 3 7 9 10 11 12 15 17 
2 3 7 9 10 11 14 15 17 
2 3 7 9 11 12 13 14 15 
2 3 7 9 11 12 13 15 16 
2 3 7 9 11 12 13 15 17 
2 3 7 9 11 12 14 15 17 
2 3 8 9 10 11 13 14 15 
2 3 8 9 11 13 14 15 17 
2 3 9 10 11 13 14 15 17 
2 3 9 10 11 14 15 16 17 
2 3 9 11 12 13 14 15 17 
2 4 5 6 7 8 9 10 17 
2 4 5 6 7 10 14 15 16 
2 4 5 7 8 9 11 13 17 
2 4 5 7 9 10 11 12 15 
2 4 5 7 9 10 11 12 17 
2 4 5 7 9 11 12 13 17 
2 4 5 7 10 11 12 15 16 
2 4 5 9 11 12 13 14 17 
2 4 5 9 11 13 14 15 17 
2 4 6 7 8 9 11 13 17 
2 4 6 7 9 10 12 13 15 
2 4 6 7 9 11 12 13 17 
2 4 6 7 9 11 12 14 17 
2 4 6 9 10 11 14 15 17 
2 4 6 9 10 12 14 15 16 
2 4 6 9 11 12 13 14 17 
2 4 7 8 9 10 11 16 17 
2 4 7 9 10 11 12 15 16 
2 4 7 9 10 11 13 16 17 
2 4 7 9 11 12 13 15 16 
2 4 9 10 11 12 14 15 16 
2 5 6 7 8 9 10 13 15 
2 5 6 7 8 9 10 16 17 
2 5 6 7 8 9 14 16 17 
2 5 6 7 8 10 11 16 17 
2 5 6 7 9 10 11 16 17 
2 5 6 7 9 10 12 13 15 
2 5 6 7 9 10 13 14 15 
2 5 6 7 9 10 14 16 17 
2 5 6 7 9 12 14 16 17 
2 5 6 7 10 12 14 15 16 
2 5 6 7 10 13 14 15 16 
2 5 6 8 10 12 14 16 17 
2 5 6 9 10 12 14 15 16 
2 5 6 9 10 13 14 15 16 
2 5 6 9 12 13 14 16 17 
2 5 6 9 12 14 15 16 17 
2 5 6 10 11 13 14 15 16 
2 5 6 10 12 13 14 15 16 
2 5 6 10 12 14 15 16 17 
2 5 7 8 9 10 11 12 15 
2 5 7 8 9 10 11 14 15 
2 5 7 8 9 10 11 15 17 
2 5 7 8 9 11 12 13 15 
2 5 7 8 9 11 13 15 17 
2 5 7 8 9 11 13 16 17 
2 5 7 8 9 11 14 16 17 
2 5 7 8 10 11 12 16 17 
2 5 7 8 10 11 14 16 17 
2 5 7 9 10 11 12 14 15 
2 5 7 9 10 11 12 15 17 
2 5 7 9 10 11 13 16 17 
2 5 7 9 11 12 13 14 15 
2 5 7 9 11 12 13 15 17 
2 5 7 9 11 12 14 15 17 
2 5 7 10 11 12 14 15 16 
2 5 7 10 11 12 15 16 17 
2 5 8 9 10 11 13 14 15 
2 5 8 9 11 13 14 15 17 
2 5 8 10 11 13 14 15 16 
2 5 8 11 12 13 14 16 17 
2 5 9 10 11 12 14 15 17 
2 5 9 10 11 13 14 15 16 
2 5 9 10 11 13 14 15 17 
2 5 9 11 12 13 14 15 17 
2 5 9 11 13 14 15 16 17 
2 5 10 11 12 14 15 16 17 
2 5 10 11 13 14 15 16 17 
2 6 7 8 9 10 11 16 17 
2 6 7 8 9 10 13 16 17 
2 6 7 8 9 11 13 16 17 
2 6 7 8 9 14 15 16 17 
2 6 7 9 10 11 13 16 17 
2 6 7 9 10 12 13 14 15 
2 6 7 9 10 12 14 15 17 
2 6 7 9 10 13 14 16 17 
2 6 7 9 11 12 13 15 16 
2 6 7 9 11 14 15 16 17 
2 6 8 9 10 11 13 14 15 
2 6 8 9 10 12 14 15 16 
2 6 8 9 10 13 14 15 16 
2 6 8 9 11 12 13 14 15 
2 6 8 9 11 12 14 16 17 
2 6 8 9 11 13 14 15 17 
2 6 9 10 11 13 14 15 17 
2 6 9 10 12 13 14 15 16 
2 6 9 11 12 14 15 16 17 
2 7 8 9 11 12 13 15 16 
2 7 8 9 11 12 13 16 17 
2 7 9 10 11 12 14 15 16 
2 7 9 11 12 13 15 16 17 
2 9 10 11 13 14 15 16 17 
3 4 5 6 7 8 10 11 16 
3 4 5 6 7 8 10 12 16 
3 4 5 6 7 8 10 14 16 
3 4 5 6 7 8 10 15 16 
3 4 5 6 7 10 11 13 15 
3 4 5 6 7 10 12 15 16 
3 4 5 6 7 10 14 15 16 
3 4 5 6 8 9 12 13 14 
3 4 5 6 8 10 11 13 14 
3 4 5 6 8 10 13 14 16 
3 4 5 6 9 13 14 15 16 
3 4 5 6 9 14 15 16 17 
3 4 5 7 8 9 10 11 12 
3 4 5 7 8 9 10 11 13 
3 4 5 7 8 9 11 13 16 
3 4 5 7 8 9 11 13 17 
3 4 5 7 8 10 11 12 13 
3 4 5 7 8 10 11 12 17 
3 4 5 7 8 11 12 13 16 
3 4 5 7 9 11 12 13 17 
3 4 5 7 10 11 14 15 16 
3 4 5 8 9 11 13 14 17 
3 4 5 8 10 11 13 14 16 
3 4 5 8 10 11 13 14 17 
3 4 5 8 11 12 13 14 16 
3 4 5 9 11 12 13 14 17 
3 4 5 9 11 13 14 15 17 
3 4 5 9 11 14 15 16 17 
3 4 5 10 11 13 14 15 17 
3 4 5 10 11 14 15 16 17 
3 4 6 7 8 9 10 11 12 
3 4 6 7 8 9 10 13 14 
3 4 6 7 8 9 11 12 13 
3 4 6 7 8 9 11 13 17 
3 4 6 7 8 9 13 14 15 
3 4 6 7 8 10 11 12 13 
3 4 6 7 8 10 11 12 17 
3 4 6 7 8 10 11 13 14 
3 4 6 7 8 10 11 13 15 
3 4 6 7 8 10 11 13 16 
3 4 6 7 8 10 11 16 17 
3 4 6 7 8 10 13 14 16 
3 4 6 7 8 10 14 16 17 
3 4 6 7 8 11 12 13 16 
3 4 6 7 9 10 13 14 15 
3 4 6 7 9 10 13 14 17 
3 4 6 7 9 11 12 13 14 
3 4 6 7 9 11 12 13 17 
3 4 6 7 9 11 12 14 17 
3 4 6 7 9 11 13 14 15 
3 4 6 7 9 11 13 15 17 
3 4 6 7 9 13 14 15 16 
3 4 6 7 9 14 15 16 17 
3 4 6 7 10 11 12 13 15 
3 4 6 7 10 11 13 14 15 
3 4 6 7 10 13 14 15 16 
3 4 6 7 10 14 15 16 17 
3 4 6 7 11 12 13 15 16 
3 4 6 9 10 11 13 14 17 
3 4 6 9 11 12 13 14 17 
3 4 6 9 11 13 14 15 17 
3 4 6 9 11 14 15 16 17 
3 4 7 8 9 10 11 12 15 
3 4 7 8 9 10 11 15 17 
3 4 7 8 10 11 12 13 15 
3 4 7 8 10 11 12 13 16 
3 4 7 8 10 11 12 15 17 
3 4 7 8 10 11 12 16 17 
3 4 7 8 10 11 13 14 16 
3 4 7 8 10 11 13 15 17 
3 4 7 8 10 11 14 16 17 
3 4 7 8 11 12 14 16 17 
3 4 7 10 11 12 13 15 17 
3 4 7 10 11 12 14 15 17 
3 4 7 10 11 13 14 15 17 
3 4 8 9 10 11 13 14 15 
3 5 6 7 8 9 10 15 16 
3 5 6 7 8 9 13 14 16 
3 5 6 7 8 10 11 14 16 
3 5 6 7 8 10 12 14 16 
3 5 6 7 8 10 12 16 17 
3 5 6 7 8 10 13 15 16 
3 5 6 7 8 10 14 15 16 
3 5 6 7 8 10 15 16 17 
3 5 6 7 9 10 13 14 15 
3 5 6 7 9 10 14 15 16 
3 5 6 7 9 10 14 16 17 
3 5 6 7 9 12 14 16 17 
3 5 6 7 9 13 14 15 16 
3 5 6 7 9 14 15 16 17 
3 5 6 7 10 12 13 15 16 
3 5 6 7 10 12 14 15 16 
3 5 6 7 10 12 15 16 17 
3 5 6 8 9 11 13 14 15 
3 5 6 8 9 11 14 16 17 
3 5 6 8 9 13 14 15 16 
3 5 6 8 9 13 14 16 17 
3 5 6 8 9 14 15 16 17 
3 5 6 8 10 11 13 14 16 
3 5 6 8 10 12 13 14 16 
3 5 6 8 10 13 14 15 16 
3 5 6 9 10 11 14 15 17 
3 5 6 9 11 14 15 16 17 
3 5 6 9 12 14 15 16 17 
3 5 6 9 13 14 15 16 17 
3 5 6 10 12 13 14 15 16 
3 5 7 8 9 11 13 15 16 
3 5 7 8 9 11 13 16 17 
3 5 7 9 10 11 13 16 17 
3 5 7 9 10 11 15 16 17 
3 5 7 9 11 12 13 14 15 
3 5 8 9 10 11 14 15 17 
3 5 8 9 11 13 14 15 17 
3 5 8 9 11 14 15 16 17 
3 5 9 10 11 12 14 15 17 
3 5 9 11 12 13 14 15 17 
3 6 7 8 9 10 12 14 15 
3 6 7 8 9 10 13 14 15 
3 6 7 8 9 11 13 14 15 
3 6 7 8 9 11 14 15 17 
3 6 7 8 9 12 13 14 15 
3 6 7 8 9 13 14 15 16 
3 6 7 8 9 13 14 15 17 
3 6 7 8 9 14 15 16 17 
3 6 7 8 10 11 12 13 16 
3 6 7 8 10 11 12 16 17 
3 6 7 8 10 11 13 14 16 
3 6 7 8 10 11 13 15 16 
3 6 7 8 10 11 14 16 17 
3 6 7 8 10 11 15 16 17 
3 6 7 8 10 12 13 14 16 
3 6 7 8 10 12 14 16 17 
3 6 7 8 10 13 14 15 16 
3 6 7 8 10 14 15 16 17 
3 6 7 9 10 12 13 14 15 
3 6 7 9 11 12 14 15 17 
3 6 7 9 12 14 15 16 17 
3 6 7 10 11 12 13 15 16 
3 6 7 10 11 12 15 16 17 
3 6 7 10 12 13 14 15 16 
3 6 7 10 12 14 15 16 17 
3 6 8 9 10 11 13 14 15 
3 6 8 9 11 12 13 14 15 
3 6 9 10 11 13 14 15 17 
3 7 8 9 10 11 12 14 15 
3 7 8 9 10 11 14 15 16 
3 7 8 9 10 11 14 15 17 
3 7 9 10 11 12 13 14 15 
3 7 9 10 11 12 14 15 17 
3 7 9 10 11 13 14 15 17 
3 8 9 10 11 13 14 15 17 
3 9 10 11 12 13 14 15 17 
4 5 6 7 9 10 11 14 15 
4 5 6 7 9 10 11 14 17 
4 5 6 7 9 10 11 16 17 
4 5 6 7 9 11 13 14 15 
4 5 6 7 9 11 13 15 16 
4 5 6 7 9 11 13 15 17 
4 5 6 9 10 11 14 15 17 
4 5 6 9 11 13 14 15 17 
4 5 7 8 9 10 11 12 15 
4 5 7 8 9 10 11 14 15 
4 5 7 8 9 10 11 15 16 
4 5 7 8 9 11 13 15 16 
4 5 7 8 9 11 14 16 17 
4 5 7 8 10 11 12 16 17 
4 5 7 8 10 11 14 15 16 
4 5 7 8 10 11 15 16 17 
4 5 7 8 11 12 14 16 17 
4 5 7 9 10 11 12 14 15 
4 5 7 9 10 11 12 14 17 
4 5 7 9 10 11 12 15 16 
4 5 7 10 11 12 14 15 16 
4 5 7 10 11 12 15 16 17 
4 5 8 9 10 11 13 14 15 
4 5 8 9 10 11 14 15 17 
4 5 8 10 11 12 14 16 17 
4 5 8 11 12 13 14 16 17 
4 5 9 10 11 12 14 15 17 
4 5 9 10 11 13 14 15 17 
4 5 10 11 12 14 15 16 17 
4 6 7 8 9 10 11 13 17 
4 6 7 8 9 10 11 15 17 
4 6 7 8 9 10 11 16 17 
4 6 7 8 9 11 12 13 15 
4 6 7 8 9 11 13 15 16 
4 6 7 8 9 11 13 15 17 
4 6 7 8 9 11 13 16 17 
4 6 7 8 9 11 14 15 17 
4 6 7 9 10 11 12 13 17 
4 6 7 9 10 11 13 14 17 
4 6 7 9 10 11 14 16 17 
4 6 7 9 11 12 13 15 17 
4 6 7 9 11 12 14 15 17 
4 6 7 9 11 13 14 15 16 
4 6 7 9 11 14 15 16 17 
4 6 8 9 10 11 14 15 17 
4 6 9 10 11 12 14 15 17 
4 6 9 10 11 13 14 15 17 
4 7 8 9 10 11 13 16 17 
4 7 8 9 11 12 13 15 16 
4 8 9 10 11 14 15 16 17 
4 9 10 11 13 14 15 16 17 
5 6 7 8 9 10 11 14 15 
5 6 7 8 9 11 13 16 17 
5 6 7 8 9 11 14 15 17 
5 6 7 8 10 11 12 16 17 
5 6 7 8 10 11 13 15 16 
5 6 7 8 10 11 14 15 16 
5 6 7 8 10 11 15 16 17 
5 6 7 9 10 11 12 14 15 
5 6 7 9 10 11 12 16 17 
5 6 7 9 10 11 14 16 17 
5 6 7 9 10 11 15 16 17 
5 6 7 9 11 12 14 15 17 
5 6 7 9 11 13 15 16 17 
5 6 7 9 11 14 15 16 17 
5 6 7 10 11 12 13 15 16 
5 6 7 10 11 12 14 15 16 
5 6 7 10 11 12 15 16 17 
5 6 8 9 11 13 14 15 17 
5 6 8 10 11 12 14 16 17 
5 6 8 10 11 13 14 15 16 
5 6 9 10 11 12 14 15 17 
5 6 9 10 11 13 14 15 16 
5 6 9 10 11 13 14 15 17 
5 6 10 11 12 13 14 15 16 
5 6 10 11 12 14 15 16 17 
5 7 8 9 10 11 14 15 16 
5 7 8 9 11 13 14 16 17 
5 7 8 9 11 13 15 16 17 
5 7 8 9 11 14 15 16 17 
5 7 9 10 11 12 13 14 15 
5 7 9 10 11 12 15 16 17 
5 7 9 10 11 13 14 15 17 
5 7 9 10 11 13 15 16 17 
5 7 9 11 13 14 15 16 17 
5 8 9 10 11 13 14 15 17 
5 8 9 10 11 14 15 16 17 
5 8 9 11 13 14 15 16 17 
5 9 10 11 12 13 14 15 17 
6 7 8 9 10 11 13 16 17 
6 7 8 9 10 11 14 15 17 
6 7 8 9 11 12 13 15 16 
6 7 8 9 11 12 13 16 17 
6 7 8 9 11 13 14 15 17 
6 7 9 11 12 13 15 16 17 
6 8 9 10 11 13 14 15 17 
7 8 9 10 11 13 15 16 17 
7 8 9 11 12 14 15 16 17 
7 9 10 11 12 14 15 16 17 
2 3 4 5 6 7 8 10 12 17 
2 3 4 5 6 7 10 12 15 17 
2 3 4 5 6 8 9 10 14 17 
2 3 4 5 6 8 10 12 13 14 
2 3 4 5 6 9 10 14 15 17 
2 3 4 5 7 9 11 13 15 17 
2 3 4 6 7 8 9 10 13 17 
2 3 4 6 7 8 9 11 14 17 
2 3 4 6 7 8 10 12 13 14 
2 3 4 6 7 8 10 12 14 17 
2 3 4 6 7 10 12 13 14 15 
2 3 4 7 8 10 11 13 14 17 
2 3 4 7 8 11 12 13 16 17 
2 3 4 8 9 10 11 12 13 14 
2 3 4 8 9 11 12 13 14 15 
2 3 5 6 7 8 9 10 15 17 
2 3 5 6 7 10 11 13 14 15 
2 3 5 6 7 11 12 13 15 16 
2 3 5 6 8 9 10 12 14 15 
2 3 5 6 8 9 12 13 14 15 
2 3 5 6 8 9 13 14 15 17 
2 3 5 6 8 10 11 13 14 15 
2 3 5 6 9 10 12 14 15 17 
2 3 5 6 9 10 13 14 15 17 
2 3 5 6 10 11 13 14 15 17 
2 3 5 6 10 12 13 14 15 17 
2 3 5 7 10 11 12 13 14 15 
2 3 5 7 10 11 12 14 15 17 
2 3 5 7 10 11 13 14 15 17 
2 3 5 8 10 11 13 14 15 17 
2 3 5 10 11 12 13 14 15 17 
2 3 6 7 8 9 11 13 15 17 
2 3 6 7 8 11 12 14 16 17 
2 3 6 9 10 12 13 14 15 17 
2 3 7 8 11 12 13 14 16 17 
2 3 7 11 12 13 14 15 16 17 
2 4 5 6 7 8 9 10 14 15 
2 4 5 6 7 8 9 11 14 17 
2 4 5 6 7 8 10 14 16 17 
2 4 5 6 7 9 10 12 14 15 
2 4 5 6 7 9 10 13 14 17 
2 4 5 6 7 9 11 14 15 17 
2 4 5 6 8 9 13 14 15 16 
2 4 5 6 8 10 13 14 15 16 
2 4 5 6 9 12 13 14 15 16 
2 4 5 6 10 13 14 15 16 17 
2 4 5 7 8 9 11 14 15 17 
2 4 6 7 8 9 13 14 15 16 
2 5 6 7 8 9 10 14 15 17 
2 5 6 7 8 11 12 13 15 16 
2 5 6 7 8 11 12 13 16 17 
2 5 6 7 8 11 12 14 16 17 
2 5 6 7 11 12 13 15 16 17 
2 5 6 8 9 10 11 12 14 15 
2 5 6 8 9 13 14 15 16 17 
3 4 5 6 7 8 9 10 12 17 
3 4 5 6 7 8 9 10 13 15 
3 4 5 6 7 8 9 10 15 17 
3 4 5 6 7 8 9 11 14 17 
3 4 5 6 7 8 9 12 14 17 
3 4 5 6 7 8 9 14 15 17 
3 4 5 6 7 8 9 14 16 17 
3 4 5 6 7 9 10 12 13 15 
3 4 5 6 7 9 10 12 13 17 
3 4 5 6 10 12 14 15 16 17 
3 4 5 6 10 13 14 15 16 17 
3 4 5 7 8 9 11 12 13 15 
3 4 5 7 8 9 11 14 15 17 
3 4 5 7 8 10 11 12 14 16 
3 4 5 7 9 11 12 14 15 17 
3 4 5 8 9 10 11 12 13 14 
3 4 5 8 9 11 12 13 14 15 
3 4 5 8 10 11 12 13 14 15 
3 4 6 7 8 9 12 14 15 17 
3 5 6 7 8 9 10 14 15 17 
3 5 6 8 9 10 11 12 14 15 
3 5 6 8 10 12 14 15 16 17 
3 5 7 8 9 11 12 14 15 17 
3 5 8 9 10 11 12 13 14 15 
4 5 6 7 8 10 11 13 16 17 
4 5 6 7 8 11 12 13 15 16 
4 5 6 7 8 11 12 13 16 17 
4 5 6 7 11 12 13 15 16 17 
4 5 6 8 9 10 11 12 14 15 
4 5 6 9 10 11 12 13 14 17 
4 5 7 8 10 11 13 14 16 17 
4 5 8 9 10 11 12 13 14 17 
2 3 4 5 6 7 8 10 12 13 15 

Czas przetwarzania pliku: 0
Czas wykonywania algorytmu: 4.29294e+06
Czas wykonywania całego programu: 4.29294e+06
