Liczba minimalnych zaleznosci funkcyjnych 319
Identyfikatory minimalnych zaleznosci funkcyjnych 
2 3 9 11 12 13 14 16 17 
2 6 8 9 10 11 13 14 15 
2 6 9 10 11 12 14 16 17 
2 7 9 11 12 13 14 16 17 
2 8 9 10 11 13 14 15 16 
2 9 10 11 12 13 14 15 16 
2 9 10 11 12 13 14 16 17 
3 4 5 6 7 9 10 12 14 
3 4 5 9 11 13 14 15 16 
3 4 6 8 9 11 13 14 15 
3 4 6 8 9 11 13 14 16 
3 4 8 9 10 11 13 14 16 
3 4 8 9 11 12 13 14 16 
3 4 9 10 11 12 13 14 16 
3 4 9 11 12 13 14 16 17 
3 5 6 7 8 9 10 14 16 
3 5 6 7 9 10 12 14 16 
3 5 6 7 9 10 13 14 16 
3 5 6 7 9 10 14 16 17 
3 5 7 9 11 12 14 16 17 
3 5 9 11 12 13 14 16 17 
3 6 7 9 10 11 13 14 16 
3 6 7 9 11 12 14 16 17 
3 6 8 9 10 11 13 14 15 
3 6 8 9 11 12 13 14 15 
3 6 8 9 11 12 13 14 16 
3 6 8 9 11 13 14 16 17 
3 6 9 10 11 12 13 14 16 
3 6 9 10 11 12 14 16 17 
3 6 9 10 11 13 14 16 17 
3 6 9 11 12 13 14 16 17 
3 7 8 9 10 11 12 13 16 
3 7 8 9 10 11 13 14 16 
3 7 9 10 11 13 14 15 16 
3 7 9 11 12 13 14 15 16 
3 8 9 10 11 12 13 14 16 
3 8 9 10 11 13 14 15 16 
3 8 9 10 11 13 14 15 17 
3 8 9 10 11 13 14 16 17 
3 8 9 11 13 14 15 16 17 
3 9 10 11 12 13 14 15 16 
3 9 10 11 12 13 14 15 17 
3 9 10 11 12 13 14 16 17 
3 9 11 12 13 14 15 16 17 
4 5 6 8 9 11 13 14 15 
4 5 8 9 11 13 14 15 16 
4 6 8 9 11 13 14 15 16 
4 7 9 11 12 13 14 15 16 
4 7 9 11 12 13 14 16 17 
4 8 9 10 11 13 14 15 16 
4 8 9 11 12 13 14 15 16 
4 9 10 11 12 13 14 15 16 
4 9 10 11 12 13 14 16 17 
5 6 9 10 11 12 14 16 17 
5 6 9 11 12 13 14 16 17 
5 7 8 9 10 11 14 15 16 
5 7 8 9 11 12 13 16 17 
5 7 9 10 11 12 14 15 16 
5 7 9 11 12 13 14 15 16 
5 7 9 11 12 13 14 16 17 
5 8 9 10 11 13 14 15 16 
5 8 9 11 12 13 14 16 17 
5 8 9 11 13 14 15 16 17 
5 9 10 11 12 13 14 15 16 
5 9 10 11 12 13 14 16 17 
6 7 8 9 10 11 14 16 17 
6 7 9 11 12 13 14 15 16 
6 7 9 11 12 13 14 16 17 
6 8 9 10 11 12 14 16 17 
6 8 9 11 12 13 14 15 16 
6 8 9 11 12 13 14 16 17 
6 9 10 11 12 13 14 15 16 
6 9 10 11 12 13 14 15 17 
6 9 10 11 12 13 14 16 17 
6 9 10 11 12 14 15 16 17 
6 9 11 12 13 14 15 16 17 
7 8 9 10 11 13 14 16 17 
7 9 10 11 12 13 14 15 16 
7 9 10 11 12 13 14 16 17 
8 9 10 11 12 13 14 15 16 
8 9 10 11 12 13 14 16 17 
9 10 11 12 13 14 15 16 17 
2 3 4 5 6 7 8 9 10 14 
2 3 4 6 7 8 9 10 11 14 
2 3 4 6 7 9 10 11 12 14 
2 3 4 6 8 9 11 12 13 14 
2 3 4 7 8 9 10 11 13 14 
2 3 4 8 9 10 11 12 13 14 
2 3 4 9 10 11 12 13 14 17 
2 3 5 6 7 9 10 11 14 16 
2 3 5 6 7 9 10 12 14 15 
2 3 5 6 7 9 10 14 15 16 
2 3 5 6 9 11 13 14 15 16 
2 3 5 7 8 9 10 11 12 16 
2 3 5 7 8 9 11 12 13 16 
2 3 5 7 8 9 11 13 14 16 
2 3 5 7 9 11 12 13 14 15 
2 3 5 7 9 11 13 14 15 16 
2 3 5 8 9 10 11 13 14 15 
2 3 5 9 10 11 13 14 15 16 
2 3 5 9 11 13 14 15 16 17 
2 3 6 7 8 9 10 11 12 16 
2 3 6 7 8 9 10 11 14 15 
2 3 6 7 8 9 10 11 14 16 
2 3 6 7 8 9 11 13 14 16 
2 3 6 7 8 9 11 14 16 17 
2 3 6 7 9 10 11 12 14 15 
2 3 6 7 9 10 11 12 14 16 
2 3 6 7 9 11 13 14 15 16 
2 3 6 8 9 10 11 14 15 16 
2 3 6 8 9 10 11 14 16 17 
2 3 6 8 9 11 13 14 15 16 
2 3 6 8 9 11 13 14 15 17 
2 3 7 8 9 10 11 13 14 15 
2 3 7 8 9 11 12 13 14 16 
2 3 7 8 9 11 12 13 15 16 
2 3 7 8 9 11 13 14 16 17 
2 3 7 9 11 13 14 15 16 17 
2 3 8 9 10 11 12 13 14 15 
2 3 9 10 11 13 14 15 16 17 
2 4 5 7 9 10 11 12 14 17 
2 4 5 8 9 10 11 13 14 15 
2 4 5 9 10 11 12 13 14 17 
2 4 6 9 10 11 12 13 14 17 
2 4 7 8 9 11 12 13 15 16 
2 4 8 9 11 12 13 14 16 17 
2 5 6 7 8 9 10 11 14 15 
2 5 6 7 9 10 11 12 14 15 
2 5 6 8 9 10 11 14 15 16 
2 5 6 8 9 11 12 13 14 15 
2 5 6 8 9 11 13 14 15 17 
2 5 6 9 11 12 13 14 15 17 
2 5 7 8 9 10 11 12 15 16 
2 5 7 8 9 10 11 12 16 17 
2 5 7 8 9 10 11 13 14 15 
2 5 7 8 9 10 11 14 15 17 
2 5 7 8 9 11 12 13 15 16 
2 5 7 8 9 11 12 14 16 17 
2 5 7 8 9 11 13 14 16 17 
2 5 7 9 10 11 12 13 14 15 
2 5 7 9 10 11 12 14 15 17 
2 5 7 9 10 11 12 14 16 17 
2 5 8 9 10 11 12 13 14 15 
2 5 8 9 10 11 12 14 15 16 
2 5 8 9 10 11 12 14 16 17 
2 5 8 9 10 11 13 14 15 17 
2 5 8 9 10 11 14 15 16 17 
2 5 9 10 11 12 13 14 15 17 
2 5 9 10 11 12 14 15 16 17 
2 6 7 8 9 11 12 13 14 15 
2 6 7 8 9 11 12 13 15 16 
2 6 7 8 9 11 12 14 16 17 
2 6 7 8 9 11 13 14 15 17 
2 6 7 9 10 11 12 14 15 16 
2 6 8 9 10 11 14 15 16 17 
2 6 8 9 11 13 14 15 16 17 
2 7 8 9 10 11 12 13 15 16 
2 7 8 9 11 12 13 15 16 17 
3 4 5 6 7 8 9 10 11 14 
3 4 5 6 7 8 9 10 14 17 
3 4 5 6 7 9 10 11 14 16 
3 4 5 6 7 9 10 14 15 16 
3 4 5 6 7 9 11 12 14 17 
3 4 5 6 8 9 10 11 13 14 
3 4 5 6 9 10 11 13 14 16 
3 4 5 6 9 11 12 13 14 17 
3 4 5 7 8 9 10 11 13 14 
3 4 5 7 8 9 10 11 14 17 
3 4 5 7 8 9 11 12 13 16 
3 4 5 7 8 9 11 13 14 16 
3 4 5 7 9 10 11 12 14 16 
3 4 5 7 9 10 11 12 14 17 
3 4 5 7 9 10 11 14 15 16 
3 4 5 7 9 11 12 13 14 17 
3 4 5 7 9 11 14 15 16 17 
3 4 5 8 9 10 11 12 13 14 
3 4 5 8 9 10 11 13 14 15 
3 4 5 8 9 10 11 13 14 17 
3 4 5 8 9 10 11 14 16 17 
3 4 5 8 9 11 12 14 16 17 
3 4 5 9 10 11 12 13 14 17 
3 4 6 7 8 9 10 11 12 14 
3 4 6 7 8 9 10 11 12 17 
3 4 6 7 8 9 10 11 13 14 
3 4 6 7 8 9 10 11 14 15 
3 4 6 7 8 9 10 11 14 16 
3 4 6 7 8 9 11 12 14 17 
3 4 6 7 8 9 11 14 15 17 
3 4 6 7 9 10 11 12 13 14 
3 4 6 7 9 10 11 12 14 15 
3 4 6 7 9 10 11 12 14 16 
3 4 6 7 9 11 13 14 15 16 
3 4 6 8 9 10 11 12 13 14 
3 4 6 8 9 10 11 14 15 16 
3 4 6 8 9 10 11 14 16 17 
3 4 6 8 9 11 12 13 14 17 
3 4 6 9 10 11 12 13 14 17 
3 4 7 8 9 10 11 13 14 15 
3 4 7 8 9 11 13 14 16 17 
3 4 7 9 10 11 12 13 14 15 
3 4 7 9 11 13 14 15 16 17 
3 4 8 9 10 11 12 13 14 15 
3 4 9 10 11 13 14 15 16 17 
3 5 6 7 8 9 10 12 14 15 
3 5 6 7 8 9 11 12 13 16 
3 5 6 7 8 9 11 13 14 16 
3 5 6 7 9 10 12 13 14 15 
3 5 6 7 9 11 12 13 14 15 
3 5 6 7 9 11 13 14 15 16 
3 5 6 9 10 11 13 14 15 16 
3 5 6 9 11 12 13 14 15 16 
3 5 6 9 11 12 13 14 15 17 
3 5 6 9 11 13 14 15 16 17 
3 5 7 8 9 10 11 12 14 16 
3 5 7 8 9 10 11 12 16 17 
3 5 7 8 9 10 11 14 15 17 
3 5 7 8 9 11 12 13 14 15 
3 5 7 8 9 11 12 13 14 16 
3 5 7 8 9 11 13 14 15 16 
3 5 7 9 10 11 12 13 14 15 
3 5 7 9 10 11 12 14 15 17 
3 5 7 9 10 11 14 15 16 17 
3 5 7 9 11 12 13 14 15 17 
3 5 8 9 10 11 12 13 14 15 
3 6 7 8 9 10 11 12 16 17 
3 6 7 8 9 10 11 14 15 17 
3 6 7 9 10 11 12 13 14 15 
3 6 7 9 10 11 12 14 15 17 
3 6 7 9 11 13 14 15 16 17 
3 7 8 9 10 11 12 13 14 15 
4 5 6 7 8 9 10 11 14 15 
4 5 6 7 8 9 10 11 14 17 
4 5 6 7 9 10 11 12 14 15 
4 5 6 7 9 10 11 12 14 17 
4 5 6 8 9 10 11 14 15 16 
4 5 6 9 10 11 12 13 14 17 
4 5 6 9 11 12 13 14 15 17 
4 5 7 8 9 10 11 12 13 17 
4 5 7 8 9 10 11 12 14 17 
4 5 7 8 9 10 11 12 15 16 
4 5 7 8 9 10 11 12 16 17 
4 5 7 8 9 10 11 13 14 15 
4 5 7 8 9 10 11 13 14 17 
4 5 7 8 9 10 11 14 15 17 
4 5 7 8 9 10 11 14 16 17 
4 5 7 8 9 11 12 13 15 16 
4 5 7 8 9 11 12 14 16 17 
4 5 7 8 9 11 13 14 16 17 
4 5 7 9 10 11 12 13 14 15 
4 5 7 9 10 11 12 14 15 17 
4 5 7 9 10 11 12 14 16 17 
4 5 8 9 10 11 12 13 14 15 
4 5 8 9 10 11 12 13 14 17 
4 5 8 9 10 11 12 14 15 16 
4 5 8 9 10 11 12 14 16 17 
4 5 8 9 10 11 13 14 15 17 
4 5 8 9 10 11 14 15 16 17 
4 5 8 9 11 12 14 15 16 17 
4 5 9 10 11 12 13 14 15 17 
4 5 9 10 11 12 14 15 16 17 
4 6 7 8 9 10 11 12 15 16 
4 6 7 8 9 11 12 13 14 15 
4 6 7 8 9 11 12 14 16 17 
4 6 7 8 9 11 13 14 15 17 
4 6 7 9 10 11 12 13 14 17 
4 6 7 9 10 11 12 14 15 16 
4 6 8 9 10 11 12 13 14 15 
4 6 8 9 10 11 12 14 15 16 
4 6 8 9 10 11 13 14 15 17 
4 6 8 9 10 11 14 15 16 17 
4 7 8 9 10 11 12 13 15 16 
5 6 7 8 9 10 11 12 14 15 
5 6 7 8 9 10 11 13 14 15 
5 6 7 8 9 10 11 14 15 17 
5 6 7 8 9 11 12 13 14 15 
5 6 7 8 9 11 12 13 15 16 
5 6 7 8 9 11 13 14 16 17 
5 6 7 9 10 11 12 13 14 15 
5 6 7 9 10 11 12 14 15 17 
5 6 7 9 11 12 13 14 15 17 
5 6 8 9 10 11 13 14 15 17 
5 6 8 9 11 12 13 14 15 17 
5 7 8 9 10 11 12 13 15 16 
5 7 8 9 10 11 12 14 16 17 
6 7 8 9 10 11 12 13 14 15 
6 7 8 9 10 11 12 13 15 16 
6 7 8 9 10 11 13 14 15 17 
6 7 8 9 11 12 13 14 15 17 
6 7 8 9 11 13 14 15 16 17 
2 3 4 5 7 8 9 11 14 15 17 
2 3 4 5 7 8 9 11 14 16 17 
2 3 4 5 7 9 11 12 14 15 17 
2 3 4 7 8 9 10 11 12 13 17 
2 3 4 7 8 9 11 12 13 14 15 
2 3 4 7 8 9 11 13 14 15 17 
2 3 5 6 7 8 9 10 13 14 15 
2 3 5 6 7 9 11 14 15 16 17 
2 3 5 7 8 9 11 13 14 15 17 
2 3 6 7 8 9 11 12 13 15 17 
2 3 7 8 9 10 11 12 13 15 17 
2 4 5 6 7 8 9 10 11 12 17 
2 4 5 6 7 8 9 11 12 14 17 
2 4 5 6 8 9 11 12 13 14 17 
2 4 5 7 8 9 10 11 12 15 17 
2 4 5 7 8 9 11 12 13 14 15 
2 4 5 7 8 9 11 12 13 14 17 
2 4 5 7 8 9 11 12 14 15 17 
2 4 5 7 8 9 11 13 14 15 17 
2 4 5 7 9 11 12 13 14 15 17 
2 4 6 7 8 9 11 13 14 16 17 
2 5 7 8 9 10 11 12 13 15 17 
2 6 7 8 9 10 11 12 15 16 17 
3 4 5 6 7 8 9 11 12 13 17 
3 4 5 7 8 9 10 11 12 15 17 
3 4 5 7 8 9 11 13 14 15 17 
3 4 7 8 9 10 11 12 13 15 17 
3 5 6 7 8 9 10 13 14 15 17 
4 5 6 7 8 9 11 12 14 15 17 
4 6 7 8 9 10 11 12 13 15 17 

Czas przetwarzania pliku: 0
Czas wykonywania algorytmu: 9.8774e+06
Czas wykonywania całego programu: 9.8774e+06
