Liczba minimalnych zaleznosci funkcyjnych 97
Identyfikatory minimalnych zaleznosci funkcyjnych 
14 
16 
2 10 
3 10 
4 9 
5 12 
6 10 
7 8 
7 9 
7 10 
7 11 
7 12 
7 13 
7 15 
7 17 
8 9 
8 10 
8 11 
8 12 
8 13 
8 15 
8 17 
9 10 
9 11 
9 12 
9 13 
9 15 
10 11 
10 12 
10 13 
10 15 
10 17 
11 12 
11 13 
11 15 
11 17 
12 13 
12 15 
13 15 
13 17 
15 17 
2 3 8 
2 3 9 
2 3 11 
2 3 13 
2 4 12 
2 5 7 
2 5 8 
2 5 11 
2 5 13 
2 6 7 
2 6 8 
2 6 9 
2 6 12 
2 6 15 
2 9 17 
2 12 17 
3 4 11 
3 4 13 
3 4 17 
3 6 7 
3 6 8 
3 6 9 
3 6 11 
3 6 12 
3 6 13 
3 6 17 
3 9 17 
3 12 17 
4 5 7 
4 5 10 
4 5 11 
4 5 15 
4 6 7 
4 6 8 
4 6 11 
4 6 15 
4 12 17 
5 6 7 
5 6 8 
5 6 9 
5 6 13 
5 6 15 
5 9 17 
6 9 17 
6 12 17 
2 3 4 6 
2 3 4 7 
2 3 4 15 
2 3 5 6 
2 3 5 15 
2 4 5 6 
2 4 5 17 
2 4 6 13 
2 4 6 17 
3 4 5 8 
4 5 6 17 

Czas przetwarzania pliku: 0.001
Czas wykonywania algorytmu: 70649.5
Czas wykonywania całego programu: 70649.5
