Liczba minimalnych zaleznosci funkcyjnych 117
Identyfikatory minimalnych zaleznosci funkcyjnych 
16 
2 14 
4 14 
6 13 
6 15 
7 8 
7 9 
7 10 
7 11 
7 12 
7 13 
7 14 
7 15 
8 9 
8 10 
8 11 
8 12 
8 13 
8 14 
8 15 
8 17 
9 10 
9 11 
9 12 
9 13 
9 14 
9 15 
10 11 
10 12 
10 13 
10 14 
10 15 
10 17 
11 12 
11 13 
11 14 
11 15 
11 17 
12 13 
12 14 
12 15 
13 14 
13 15 
13 17 
14 15 
15 17 
2 3 8 
2 3 10 
2 3 11 
2 3 13 
2 3 15 
2 4 7 
2 4 8 
2 4 10 
2 4 12 
2 4 17 
2 5 8 
2 5 9 
2 5 10 
2 5 15 
2 6 7 
2 6 8 
2 6 9 
2 6 10 
2 6 11 
2 6 12 
2 6 17 
2 7 17 
2 9 17 
2 12 17 
3 4 8 
3 4 9 
3 4 10 
3 4 11 
3 4 12 
3 4 13 
3 5 8 
3 5 10 
3 5 12 
3 5 14 
3 6 7 
3 6 9 
3 6 10 
3 6 11 
3 6 12 
3 6 14 
3 6 17 
3 7 17 
3 9 17 
3 12 17 
3 14 17 
4 5 10 
4 5 15 
4 6 8 
4 6 11 
4 9 17 
4 12 17 
5 6 10 
5 6 11 
5 6 12 
5 6 14 
5 9 17 
5 14 17 
6 9 17 
6 12 17 
6 14 17 
2 3 4 6 
2 3 5 17 
2 4 5 11 
2 4 5 13 
3 4 5 7 
3 4 5 17 
4 5 6 7 
4 5 6 9 
4 5 6 17 
4 6 7 17 
5 6 7 17 

Czas przetwarzania pliku: 0.001
Czas wykonywania algorytmu: 123830
Czas wykonywania całego programu: 123830
