Liczba minimalnych zaleznosci funkcyjnych 108
Identyfikatory minimalnych zaleznosci funkcyjnych 
16 
2 7 
2 8 
2 10 
2 12 
2 14 
2 15 
3 8 
3 10 
3 14 
4 14 
5 8 
5 10 
6 8 
6 11 
6 13 
6 14 
7 8 
7 9 
7 10 
7 11 
7 12 
7 13 
7 14 
7 15 
7 17 
8 9 
8 10 
8 11 
8 12 
8 13 
8 14 
8 15 
8 17 
9 10 
9 11 
9 12 
9 13 
9 14 
9 15 
10 11 
10 12 
10 13 
10 14 
10 15 
10 17 
11 12 
11 13 
11 14 
11 15 
11 17 
12 13 
12 14 
12 15 
12 17 
13 14 
13 15 
14 15 
14 17 
15 17 
2 3 9 
2 3 17 
2 4 9 
2 5 9 
2 5 13 
2 6 9 
2 6 17 
2 9 17 
2 13 17 
3 4 7 
3 4 9 
3 4 11 
3 4 12 
3 4 17 
3 5 6 
3 5 15 
3 5 17 
3 6 7 
3 6 9 
3 6 12 
3 6 15 
3 6 17 
3 9 17 
3 13 17 
4 5 7 
4 5 9 
4 5 11 
4 5 12 
4 5 15 
4 6 7 
4 6 9 
4 6 10 
4 6 12 
4 6 15 
4 9 17 
4 13 17 
5 6 7 
5 6 9 
5 6 12 
5 6 15 
5 9 17 
5 13 17 
6 9 17 
2 3 4 6 
2 3 4 13 
2 4 5 17 
3 4 5 13 
4 5 6 17 

Czas przetwarzania pliku: 0.001
Czas wykonywania algorytmu: 29663.8
Czas wykonywania całego programu: 29663.8
